306,35
10,215
10,297
10,99
10,65
10,95
10,223
10,261
10,3
8,15
8,5
8,17
8,4
8,13
8,3
279,5
279,4
279,3
279,2
279,1
279,0
278,4
278,3
278,2
278,1
278,0
262,3
262,2
262,1
262,0
261,3
261,2
261,1
261,0
260,6
260,5
260,4
260,3
260,2
260,1
260,0
259,7
259,6
259,5
259,4
259,3
259,2
259,1
259,0
257,3
257,2
257,1
257,0
256,3
256,2
256,1
256,0
20,3
20,2
20,1
19,3
19,2
19,1
12,3
12,2
12,1
11,30
11,29
11,28
11,27
11,26
11,25
11,24
11,23
11,22
11,21
11,20
11,19
11,18
11,17
11,16
11,15
11,14
11,13
11,12
11,11
11,10
11,9
11,8
11,7
11,6
11,5
11,4
11,3
11,2
11,1
10,315
10,314
10,313
10,311
18,1
10,310
18,3
10,307
10,302
10,300
10,279
10,278
10,276
10,205
14,1
10,187
14,3
10,159
13,1
10,145
13,3
